0 133200 0 650 0 1350
0 0 2000 300
0 1 1450 950
0 2 915 1630
0 3 2500 950
0 4 3000 1630
0 5 2000 300
0 6 1450 950
0 7 915 1630
0 8 2500 950
0 9 3000 1630
0 10 2000 300
0 11 2000 300
0 12 2000 300
360 10 1450 950
360 11 2500 950
480 10 1450 950
480 11 2500 950
840 10 915 1630
840 11 3000 1630
960 10 2000 300
960 11 2000 300
1360 10 1450 950
1360 11 2500 950
1440 10 1450 950
1440 11 2500 950
1800 10 915 1630
1800 11 3000 1630
1920 10 2000 300
1920 11 2000 300
2280 10 1450 950
2280 11 2500 950
2400 10 1450 950
2400 11 2500 950
2760 10 915 1630
2760 11 3000 1630
2880 10 2000 300
2880 11 2000 300
3240 10 1450 950
3240 11 2500 950
3360 10 1450 950
3360 11 2500 950
3720 10 915 1630
3720 11 3000 1630
3840 10 2000 300
3840 11 2000 300
4200 10 1450 950
4200 11 2500 950
4320 10 1450 950
4320 11 2500 950
4680 10 915 1630
4680 11 3000 1630
4800 10 2000 300
4800 11 2000 300

